calibration:
  stddev: 1.4838989460086494
  median: 15.724543571472168
  npts: 88662315.0 #number of unflagged points

imaging:
  beam:
    major: 2.950244188308716
    minor: 1.9513834714889526
  rms_region:
    cordinate1: [978,1072]
    cordinate2: [1010,1043]
  rms: 0.00019811 #unit=Jy, masked
  flux_region:
    radius: 8
    centre: [1014,1022]
  flux: 0.0855393451053 #unit=Jy, unmasked