calibration:
  stddev: 3.272554231487641
  median: 15.716300964355469
  npts: 14611968.0 #number of unflagged points
imaging:
  beam:
    major: 2.3042
    minor: 1.8501
  rms_region:
    cordinate1: [976,1079]
    cordinate2: [1011,1042]
  rms: 0.0011683 #0.0002 #unit=mJy, masked
  flux_region:
    radius: 8
    centre: [1023,1024]
  flux: 0.35055153 #unit=Jy, unmasked
